$ANSIBLE_VAULT;1.1;AES256
64633336346662366433323165326265323630623137666333393736663134376634323464633438
3735393239356633663236346266313630376630353633610a363562303539396463326135626366
33626162623337646465316262613339346330633766663362326239376433353331373434333331
6537646533636437640a356432656665333765333566346164366134623638616237326361383065
36376365383937353938383135623536663839646130333635393031636235653862386333643866
30363364616439393765326431656163316430303336366334323362303039356532643566316262
66363962636638363737376434613238626263313264646136386364356364386437306433333931
66386135343766633964353831353339326430643135323230633132373832313161346638336330
34323233666530396665376333366432613664386635646434393538303239363032396239643136
31646465303537373362353265633034323737633630303865363539306536316564313033643661
30313665633963383034656663386164643031373466363164383134663532613261666332643362
33313439343832313634363366333833663633323635346433656164313730336166393433313538
35306633663266346335313432376436633734363031336233353465356437646638373230316430
30303839666230656230393731623161356364616536663233356630383936373562383430643263
65633630623163346361396630646438373333343538323163636536623633376239366463623334
33353035663336316463303533646232643761333530373138626237316337393037386330396439
34343164333237363630613932626431663234313432386339393666316665373262616433306338
38366431353532376530346230303264633739616462343532633130666239316464376636373462
64663730363235316337383134373062346531343335643334356534643631643231633139363664
37316262383833303030313837313330363532346661643838383231336638303734653630333939
32663439393061643232323661643239313733653432643333616362633262386237666666643336
62643361633862643934313166666231373764313036303931356634653366663361383832376363
61313661393965376364313637363166336632613635646533393039383332306564306335396463
39316462363830373265303163633838643830316534633737366561663530333964306362303935
35346432303732666238633663343536386430343866396265356263396439356136643930303131
36633832663362633433303534323838323766393062623966356630353138393163623438353162
35396166326464656139626439333535653565613939366233353935353366386466373663383963
65616230666631386462303131386239663865313838666465356333613639346166313162656561
32353963323861306361333930346262616638346237346230396239623764333138643065613130
65393132326466303930363534396332353831353031623736323265386534656137363131616263
37356233663961393135363531666231326362643835303731326635663363666564623631646539
64636264363437363239356664376338303432376131326566623338383336363236656638343330
31663633346138653236653765653636303162356264643934613666623235663335393137346166
36626364386330353031633165373861323861633739383338363336313662646137343761336262
31306261353230393936376332616532343031306530643438323434636266663333623930393731
37653430643836663331666639643862333934323636366232383861316138373363616437343861
35376137646237643232383437626661626539633466313930373131613735656237656461356361
31386535393630643430313938643239363464623534666239396435353734643563646566346434
38666137326166633639306466323831613430353333653339393764393732346366643666343364
36613736633036623839303933643266306234633735626238663161313233376133333763373766
64336635346164356432313332323432303039626265336432396666633830343932316662353662
64316164663164363933333739353637623135636539333635643530353535333836633362653139
35366465363137666261313530646532633435333837646335663265646332633863346264663831
66656433343565363635386235353231653962633161303864616561656338333066323635623062
65336466623564663833306433616532343764316434626265323662306163336264623366643133
65626231396164316138646564373834343332383636373034616636353836646165666230336537
61383438353163363965353761346535323238643036343562393534393237663264373237646161
38333330646238336234376431663733383338353330613263333832656132383763316662613166
63363265626332633138336430666663613962653037353935373562313637396363346236613438
35623163633665383630393832393063386232303563333465313861353437373565343934623830
33646435393866386231653730343562343131376534643534656337306566626164383766343538
37643938333733336534393061613432373733366332336435646539336364316435333161666264
30333363393264376432343230336639393431356166393132356337326537653435653032356232
65623230373463633638333230313930636563363630376662633636383635643462376639616634
61356664363230373032333465643265616464633038646530633533373339316233626439376461
62323939663363343931366463393438666534333537333066323636336462383834326165613266
34626436346432663231633135303038396237356166616436616435363634363133396336376265
34653865646132316237313264386339326364636635326133356636613964643935666638323461
39376639636534313366303264323162626238333138623261333437396664646266336435613963
66643433643766363630643834303939316533303361393730316230313137353234383835636430
34373733653636306164623661333963323039363636353332646538643566663064353234636534
66326439633737373131643564353430303237396161386134666266303939663532316335376364
30353566636663353139346464303938653937323935626133636538666439386332363164653537
33613737316361653962366631653437323162333436623966653639343465313761343234356266
66383134363133333038303932383334616339666437643630396438656361666365346362323539
37303637663031343762653235356166393932653531323136633437393765313361313931616565
35366163353134633065396364313939626366316234623933373563363134343535363430653665
32393538396135623030393534623265303030653163613139326330633564363632653431663332
37363732616138353130623062396339646463613434613761346266303835393231393834653766
32643765636630643866303139633764323835666436343938646638613130353039306231653331
64306263623434396362373733613738353562343662323662333535356230393763323938396331
35353563663034626366656564393133663533396436633661646134393465646233306532333137
39643434643363323165363731303636396339613266396634303564643863356138353531636133
63336338346563663637323638653564346334616537643536366233386362383362313537656338
38643838616163333339383333303062303566663564333664623834376337363961613463326238
64313039643365616236666361333135333537373933616139313439623466616165373633626566
34323732346165313862616638646532303038633261366236656535383833383637306462633562
35323138343962363237306566616463613235373330383661663734383864373263323237626666
36313739613762386264313837393730363337363835656630643637616463663762316636316666
35313234626664656133326634353862643832613032336437643362623438313166636339323963
64646462666637393738643966333166396634616239633534646439623065366463323838366533
37323932653030343136326164316437373937323464363239353766306537643065326432373330
38633535636436623535316535393730303530356433383062646631643232646263313134383332
62643333376365376566376631653662346634316638653639646565646664633866316435306638
34313638376632643133633530663737623465353965626135386536376339373836356139653939
63663133316163366465306134343738633963313366353432663762653634623030613339393935
39633236373230646538666561333061633437666362633763666235393836336635666532396434
34373739363235396531333164663365663633633339633166613232383335336330346264393232
66616664623336623132393530666638356365663735366666373963376433623461663935343730
34326362316532383266613064303338366339616635613566363637623632383666643234386162
63306134316535353637306534393937663638386361376465666237326464393135383561323466
37646666373965636339323338643139363662396364373763613936646665343563633064393463
32363432623330366234366263646566663162333031646238323064616632326538363830323934
62663233626262643363353032643430333232336531363832343932343238363430636362346530
39356134356130376665333432626630363934613565346230633962616263306238343334363132
65323066326233663830623866396138656266343333383163643937623561323430646333363664
31643965363662623033316665313066636434633339383064353533316332663765636462373132
3263396436623464343961656135373466633835313931633735
